75 63 
49 42 

63 49 
42 36 

49 42 
36 47 

42 36 
47 65 

36 47 
65 83 

47 65 
83 97 

65 83 
97 103 

83 97 
103 88 

97 103 
88 82 

103 88 
82 76 

88 82 
76 58 

82 76 
58 56 

76 58 
56 56 

58 56 
56 61 

56 56 
61 43 

56 61 
43 58 

61 43 
58 49 

43 58 
49 48 

58 49 
48 42 

49 48 
42 66 

48 42 
66 56 

42 66 
56 56 

66 56 
56 66 

56 56 
66 58 

56 66 
58 42 

66 58 
42 50 

58 42 
50 48 

42 50 
48 35 

50 48 
35 47 

48 35 
47 54 

35 47 
54 52 

47 54 
52 54 

54 52 
54 56 

52 54 
56 41 

54 56 
41 45 

56 41 
45 42 

41 45 
42 48 

45 42 
48 59 

42 48 
59 77 

48 59 
77 66 

59 77 
66 71 

77 66 
71 57 

66 71 
57 65 

71 57 
65 47 

57 65 
47 56 

65 47 
56 51 

47 56 
51 55 

56 51 
55 53 

51 55 
53 77 

55 53 
77 74 

53 77 
74 71 

77 74 
71 70 

74 71 
70 65 

71 70 
65 53 

70 65 
53 39 

65 53 
39 42 

53 39 
42 52 

39 42 
52 56 

42 52 
56 52 

52 56 
52 65 

56 52 
65 59 

52 65 
59 57 

65 59 
57 59 

59 57 
59 54 

57 59 
54 49 

59 54 
49 60 

54 49 
60 55 

49 60 
55 52 

60 55 
52 63 

55 52 
63 56 

52 63 
56 57 

63 56 
57 70 

56 57 
70 61 

57 70 
61 49 

70 61 
49 66 

61 49 
66 55 

49 66 
55 44 

66 55 
44 54 

55 44 
54 71 

44 54 
71 70 

54 71 
70 75 

71 70 
75 68 

70 75 
68 70 

75 68 
70 70 

68 70 
70 57 

70 70 
57 52 

70 57 
52 53 

57 52 
53 47 

52 53 
47 41 

53 47 
41 56 

47 41 
56 70 

41 56 
70 82 

56 70 
82 79 

70 82 
79 85 

82 79 
85 70 

79 85 
70 64 

85 70 
64 54 

70 64 
54 45 

64 54 
45 40 

54 45 
40 48 

45 40 
48 49 

40 48 
49 65 

48 49 
65 76 

49 65 
76 70 

65 76 
70 60 

76 70 
60 48 

70 60 
48 47 

60 48 
47 42 

48 47 
42 48 

47 42 
48 59 

42 48 
59 77 

48 59 
77 58 

59 77 
58 63 

77 58 
63 52 

58 63 
52 43 

63 52 
43 27 

52 43 
27 41 

43 27 
41 41 

27 41 
41 52 

41 41 
52 60 

41 52 
60 66 

52 60 
66 54 

60 66 
54 59 

66 54 
59 64 

54 59 
64 59 

59 64 
59 55 

64 59 
55 55 

59 55 
55 51 

55 55 
51 44 

55 51 
44 52 

51 44 
52 59 

44 52 
59 61 

52 59 
61 70 

59 61 
70 66 

61 70 
66 70 

70 66 
70 83 

66 70 
83 93 

70 83 
93 75 

83 93 
75 79 

93 75 
79 60 

75 79 
60 49 

79 60 
49 59 

60 49 
59 73 

49 59 
73 61 

59 73 
61 79 

73 61 
79 76 

61 79 
76 70 

79 76 
70 51 

76 70 
51 68 

70 51 
68 58 

51 68 
58 66 

68 58 
66 56 

58 66 
56 69 

66 56 
69 58 

56 69 
58 58 

69 58 
58 53 

58 58 
53 64 

58 53 
64 58 

53 64 
58 56 

64 58 
56 66 

58 56 
66 57 

56 66 
57 41 

66 57 
41 48 

57 41 
48 56 

41 48 
56 38 

48 56 
38 42 

56 38 
42 52 

38 42 
52 56 

42 52 
56 56 

52 56 
56 56 

56 56 
56 58 

56 56 
58 49 

56 58 
49 49 

58 49 
49 56 

49 49 
56 63 

49 56 
63 57 

56 63 
57 65 

63 57 
65 50 

57 65 
50 39 

65 50 
39 37 

50 39 
37 38 

39 37 
38 34 

37 38 
34 33 

38 34 
33 45 

34 33 
45 51 

33 45 
51 65 

45 51 
65 76 

51 65 
76 88 

65 76 
88 86 

76 88 
86 89 

88 86 
89 81 

86 89 
81 83 

89 81 
83 73 

81 83 
73 77 

83 73 
77 71 

73 77 
71 79 

77 71 
79 65 

71 79 
65 76 

79 65 
76 71 

65 76 
71 67 

76 71 
67 63 

71 67 
63 73 

67 63 
73 72 

63 73 
72 61 

73 72 
61 74 

72 61 
74 59 

61 74 
59 54 

74 59 
54 52 

59 54 
52 50 

54 52 
50 36 

52 50 
36 36 

50 36 
36 30 

36 36 
30 22 

36 30 
22 31 

30 22 
31 47 

22 31 
47 48 

31 47 
48 46 

47 48 
46 49 

48 46 
49 36 

46 49 
36 38 

49 36 
38 45 

36 38 
45 55 

38 45 
55 65 

45 55 
65 83 

55 65 
83 81 

65 83 
81 80 

83 81 
80 70 

81 80 
70 53 

80 70 
53 41 

70 53 
41 26 

53 41 
26 32 

41 26 
32 47 

26 32 
47 65 

32 47 
65 71 

47 65 
71 87 

65 71 
87 92 

71 87 
92 92 

87 92 
92 82 

92 92 
82 83 

92 82 
83 81 

82 83 
81 82 

83 81 
82 67 

81 82 
67 59 

82 67 
59 49 

67 59 
49 34 

59 49 
34 23 

49 34 
23 37 

34 23 
37 39 

23 37 
39 50 

37 39 
50 68 

39 50 
68 64 

50 68 
64 63 

68 64 
63 61 

64 63 
61 65 

63 61 
65 58 

61 65 
58 65 

65 58 
65 68 

58 65 
68 87 

65 68 
87 77 

68 87 
77 77 

87 77 
77 79 

77 77 
79 73 

77 79 
73 67 

79 73 
67 78 

73 67 
78 71 

67 78 
71 62 

78 71 
62 56 

71 62 
56 60 

62 56 
60 55 

56 60 
55 70 

60 55 
70 79 

55 70 
79 91 

70 79 
91 92 

79 91 
92 86 

91 92 
86 77 

92 86 
77 70 

86 77 
70 61 

77 70 
61 47 

70 61 
47 39 

61 47 
39 43 

47 39 
43 50 

39 43 
50 47 

43 50 
47 56 

50 47 
56 62 

47 56 
62 45 

56 62 
45 50 

62 45 
50 50 

45 50 
50 43 

50 50 
43 50 

50 43 
50 58 

43 50 
58 45 

50 58 
45 45 

58 45 
45 41 

45 45 
41 28 

45 41 
28 33 

41 28 
33 47 

28 33 
47 54 

33 47 
54 52 

47 54 
52 69 

54 52 
69 75 

52 69 
75 70 

69 75 
70 60 

75 70 
60 79 

70 60 
79 69 

60 79 
69 54 

79 69 
54 57 

69 54 
57 56 

54 57 
56 55 

57 56 
55 52 

56 55 
52 48 

55 52 
48 48 

52 48 
48 46 

48 48 
46 35 

48 46 
35 45 

46 35 
45 58 

35 45 
58 53 

45 58 
53 71 

58 53 
71 75 

53 71 
75 80 

71 75 
80 75 

75 80 
75 63 

80 75 
63 49 

75 63 
49 42 

63 49 
42 36 

49 42 
36 47 

42 36 
47 58 

36 47 
58 56 

47 58 
56 52 

58 56 
52 56 

56 52 
56 50 

52 56 
50 47 

56 50 
47 56 

50 47 
56 62 

47 56 
62 47 

56 62 
47 48 

62 47 
48 53 

47 48 
53 42 

48 53 
42 40 

53 42 
40 55 

42 40 
55 54 

40 55 
54 59 

55 54 
59 74 

54 59 
74 74 

59 74 
74 65 

74 74 
65 65 

74 65 
65 52 

65 65 
52 49 

65 52 
49 62 

52 49 
62 56 

49 62 
56 47 

62 56 
47 54 

56 47 
54 44 

47 54 
44 40 

54 44 
40 57 

44 40 
57 64 

40 57 
64 56 

57 64 
56 52 

64 56 
52 56 

56 52 
56 50 

52 56 
50 47 

56 50 
47 56 

50 47 
56 62 

47 56 
62 64 

56 62 
64 55 

62 64 
55 49 

64 55 
49 43 

55 49 
43 50 

49 43 
50 39 

43 50 
39 51 

50 39 
51 69 

39 51 
69 66 

51 69 
66 71 

69 66 
71 82 

66 71 
82 73 

71 82 
73 61 

82 73 
61 75 

73 61 
75 72 

61 75 
72 53 

75 72 
53 61 

72 53 
61 57 

53 61 
57 56 

61 57 
56 56 

57 56 
56 73 

56 56 
73 72 

56 73 
72 89 

73 72 
89 80 

72 89 
80 68 

89 80 
68 55 

80 68 
55 59 

68 55 
59 38 

55 59 
38 32 

59 38 
32 43 

38 32 
43 51 

32 43 
51 48 

43 51 
48 65 

51 48 
65 67 

48 65 
67 60 

65 67 
60 52 

67 60 
52 50 

60 52 
50 51 

52 50 
51 55 

50 51 
55 69 

51 55 
69 69 

55 69 
69 74 

69 69 
74 76 

69 74 
76 85 

74 76 
85 85 

76 85 
85 85 

85 85 
85 91 

85 85 
91 85 

85 91 
85 73 

91 85 
73 64 

85 73 
64 80 

73 64 
80 67 

64 80 
67 72 

80 67 
72 75 

67 72 
75 63 

72 75 
63 49 

75 63 
49 42 

63 49 
42 36 

49 42 
36 47 

42 36 
47 64 

36 47 
64 62 

47 64 
62 66 

64 62 
66 66 

62 66 
66 52 

66 66 
52 49 

66 52 
49 62 

52 49 
62 56 

49 62 
56 47 

62 56 
47 54 

56 47 
54 44 

47 54 
44 40 

54 44 
40 57 

44 40 
57 64 

40 57 
64 56 

57 64 
56 52 

64 56 
52 56 

56 52 
56 50 

52 56 
50 47 

56 50 
47 56 

50 47 
56 62 

47 56 
62 57 

56 62 
57 44 

62 57 
44 53 

57 44 
53 51 

44 53 
51 45 

53 51 
45 35 

51 45 
35 39 

45 35 
39 35 

35 39 
35 43 

39 35 
43 60 

35 43 
60 58 

43 60 
58 65 

60 58 
65 60 

58 65 
60 59 

65 60 
59 60 

60 59 
60 80 

59 60 
80 73 

60 80 
73 73 

80 73 
73 68 

73 73 
68 69 

73 68 
69 56 

68 69 
56 56 

69 56 
56 53 

56 56 
53 48 

56 53 
48 33 

53 48 
33 37 

48 33 
37 36 

33 37 
36 39 

37 36 
39 49 

36 39 
49 64 

39 49 
64 60 

49 64 
60 61 

64 60 
61 58 

60 61 
58 54 

61 58 
54 52 

58 54 
52 57 

54 52 
57 53 

52 57 
53 59 

57 53 
59 63 

53 59 
63 65 

59 63 
65 53 

63 65 
53 72 

65 53 
72 65 

53 72 
65 59 

72 65 
59 44 

65 59 
44 57 

59 44 
57 57 

44 57 
57 67 

57 57 
67 60 

57 67 
60 75 

67 60 
75 69 

60 75 
69 54 

75 69 
54 52 

69 54 
52 67 

54 52 
67 59 

52 67 
59 71 

67 59 
71 75 

59 71 
75 63 

71 75 
63 49 

75 63 
49 42 

63 49 
42 36 

49 42 
36 47 

42 36 
47 58 

36 47 
58 56 

47 58 
56 52 

58 56 
52 56 

56 52 
56 50 

52 56 
50 47 

56 50 
47 56 

50 47 
56 62 

47 56 
62 51 

56 62 
51 52 

62 51 
52 44 

51 52 
44 42 

52 44 
42 39 

44 42 
39 41 

42 39 
41 32 

39 41 
32 37 

41 32 
37 30 

32 37 
30 44 

37 30 
44 40 

30 44 
40 48 

44 40 
48 62 

40 48 
62 79 

48 62 
79 70 

62 79 
70 70 

79 70 
70 79 

70 70 
79 75 

70 79 
75 68 

79 75 
68 68 

75 68 
68 77 

68 68 
77 74 

68 77 
74 77 

77 74 
77 77 

74 77 
77 82 

77 77 
82 88 

77 82 
88 76 

82 88 
76 66 

88 76 
66 70 

76 66 
70 65 

66 70 
65 64 

70 65 
64 75 

65 64 
75 87 

64 75 
87 73 

75 87 
73 72 

87 73 
72 54 

73 72 
54 57 

72 54 
57 41 

54 57 
41 48 

57 41 
48 45 

41 48 
45 48 

48 45 
48 46 

45 48 
46 56 

48 46 
56 64 

46 56 
64 67 

56 64 
67 68 

64 67 
68 64 

67 68 
64 67 

68 64 
67 62 

64 67 
62 70 

67 62 
70 80 

62 70 
80 83 

70 80 
83 66 

80 83 
66 63 

83 66 
63 62 

66 63 
62 53 

63 62 
53 47 

62 53 
47 47 

53 47 
47 49 

47 47 
49 59 

47 49 
59 57 

49 59 
57 53 

59 57 
53 58 

57 53 
58 50 

53 58 
50 30 

58 50 
30 44 

50 30 
44 40 

30 44 
40 48 

44 40 
48 62 

40 48 
62 64 

48 62 
64 61 

62 64 
61 57 

64 61 
57 55 

61 57 
55 54 

57 55 
54 48 

55 54 
48 46 

54 48 
46 60 

48 46 
60 62 

46 60 
62 50 

60 62 
50 72 

62 50 
72 67 

50 72 
67 61 

72 67 
61 50 

67 61 
50 51 

61 50 
51 48 

50 51 
48 63 

51 48 
63 69 

48 63 
69 72 

63 69 
72 79 

69 72 
79 62 

72 79 
62 40 

79 62 
40 37 

62 40 
37 47 

40 37 
47 47 

37 47 
47 53 

47 47 
53 66 

47 53 
66 74 

53 66 
74 77 

66 74 
77 65 

74 77 
65 57 

77 65 
57 57 

65 57 
57 39 

57 57 
39 25 

57 39 
25 26 

39 25 
26 34 

25 26 
34 39 

26 34 
39 57 

34 39 
57 61 

39 57 
61 71 

57 61 
71 69 

61 71 
69 71 

71 69 
71 60 

69 71 
60 70 

71 60 
70 64 

60 70 
64 62 

70 64 
62 45 

64 62 
45 55 

62 45 
55 56 

45 55 
56 49 

55 56 
49 46 

56 49 
46 51 

49 46 
51 44 

46 51 
44 33 

51 44 
33 52 

44 33 
52 75 

33 52 
75 81 

52 75 
81 75 

75 81 
75 86 

81 75 
86 74 

75 86 
74 54 

86 74 
54 40 

74 54 
40 41 

54 40 
41 26 

40 41 
26 32 

41 26 
32 47 

26 32 
47 65 

32 47 
65 70 

47 65 
70 70 

65 70 
70 57 

70 70 
57 55 

70 57 
55 50 

57 55 
50 47 

55 50 
47 56 

50 47 
56 62 

47 56 
62 48 

56 62 
48 59 

62 48 
59 64 

48 59 
64 51 

59 64 
51 57 

64 51 
57 62 

51 57 
62 40 

57 62 
40 45 

62 40 
45 45 

40 45 
45 46 

45 45 
46 41 

45 46 
41 39 

46 41 
39 24 

41 39 
24 24 

39 24 
24 26 

24 24 
26 42 

24 26 
42 42 

26 42 
42 58 

42 42 
58 66 

42 58 
66 65 

58 66 
65 59 

66 65 
59 78 

65 59 
78 73 

59 78 
73 84 

78 73 
84 77 

73 84 
77 68 

84 77 
68 51 

77 68 
51 44 

68 51 
44 25 

51 44 
25 31 

44 25 
31 33 

25 31 
33 39 

31 33 
39 45 

33 39 
45 51 

39 45 
51 39 

45 51 
39 37 

51 39 
37 36 

39 37 
36 23 

37 36 
23 38 

36 23 
38 45 

23 38 
45 55 

38 45 
55 65 

45 55 
65 79 

55 65 
79 63 

65 79 
63 74 

79 63 
74 67 

63 74 
67 54 

74 67 
54 54 

67 54 
54 68 

54 54 
68 56 

54 68 
56 53 

68 56 
53 66 

56 53 
66 52 

53 66 
52 39 

66 52 
39 36 

52 39 
36 45 

39 36 
45 47 

36 45 
47 65 

45 47 
65 78 

47 65 
78 81 

65 78 
81 72 

78 81 
72 65 

81 72 
65 47 

72 65 
47 45 

65 47 
45 49 

47 45 
49 45 

45 49 
45 44 

49 45 
44 50 

45 44 
50 47 

44 50 
47 53 

50 47 
53 61 

47 53 
61 69 

53 61 
69 70 

61 69 
70 68 

69 70 
68 69 

70 68 
69 64 

68 69 
64 49 

69 64 
49 60 

64 49 
60 50 

49 60 
50 49 

60 50 
49 54 

50 49 
54 51 

49 54 
51 37 

54 51 
37 38 

51 37 
38 29 

37 38 
29 34 

38 29 
34 52 

29 34 
52 55 

34 52 
55 56 

52 55 
56 59 

55 56 
59 54 

56 59 
54 54 

59 54 
54 51 

54 54 
51 64 

54 51 
64 53 

51 64 
53 64 

64 53 
64 65 

53 64 
65 78 

64 65 
78 65 

65 78 
65 65 

78 65 
65 54 

65 65 
54 46 

65 54 
46 33 

54 46 
33 37 

46 33 
37 56 

33 37 
56 55 

37 56 
55 47 

56 55 
47 60 

55 47 
60 56 

47 60 
56 60 

60 56 
60 68 

56 60 
68 75 

60 68 
75 66 

68 75 
66 64 

75 66 
64 49 

66 64 
49 53 

64 49 
53 53 

49 53 
53 69 

53 53 
69 81 

53 69 
81 90 

69 81 
90 79 

81 90 
79 80 

90 79 
80 71 

79 80 
71 68 

80 71 
68 59 

71 68 
59 53 

68 59 
53 49 

59 53 
49 53 

53 49 
53 53 

49 53 
53 69 

53 53 
69 67 

53 69 
67 78 

69 67 
78 73 

67 78 
73 75 

78 73 
75 55 

73 75 
55 69 

75 55 
69 55 

55 69 
55 60 

69 55 
60 54 

55 60 
54 54 

60 54 
54 58 

54 54 
58 57 

54 58 
57 57 

58 57 
57 72 

57 57 
72 82 

57 72 
82 70 

72 82 
70 80 

82 70 
80 61 

70 80 
61 50 

80 61 
50 54 

61 50 
54 62 

50 54 
62 65 

54 62 
65 65 

62 65 
65 73 

65 65 
73 55 

65 73 
55 43 

73 55 
43 40 

55 43 
40 52 

43 40 
52 34 

40 52 
34 42 

52 34 
42 53 

34 42 
53 39 

42 53 
39 46 

53 39 
46 53 

39 46 
53 59 

46 53 
59 59 

53 59 
59 73 

59 59 
73 59 

59 73 
59 52 

73 59 
52 52 

59 52 
52 58 

52 52 
58 51 

52 58 
51 54 

58 51 
54 66 

51 54 
66 52 

54 66 
52 38 

66 52 
38 51 

52 38 
51 54 

38 51 
54 52 

51 54 
52 76 

54 52 
76 73 

52 76 
73 67 

76 73 
67 70 

73 67 
70 74 

67 70 
74 54 

70 74 
54 69 

74 54 
69 55 

54 69 
55 60 

69 55 
60 53 

55 60 
53 70 

60 53 
70 57 

53 70 
57 62 

70 57 
62 63 

57 62 
63 66 

62 63 
66 56 

63 66 
56 76 

66 56 
76 73 

56 76 
73 67 

76 73 
67 68 

73 67 
68 72 

67 68 
72 52 

68 72 
52 69 

72 52 
69 63 

52 69 
63 70 

69 63 
70 63 

63 70 
63 80 

70 63 
80 65 

63 80 
65 71 

80 65 
71 69 

65 71 
69 73 

71 69 
73 66 

69 73 
66 79 

73 66 
79 69 

66 79 
69 58 

79 69 
58 50 

69 58 
50 49 

58 50 
49 36 

50 49 
36 49 

49 36 
49 43 

36 49 
43 50 

49 43 
50 55 

43 50 
55 55 

50 55 
55 57 

55 55 
57 76 

55 57 
76 73 

57 76 
73 68 

76 73 
68 70 

73 68 
70 51 

68 70 
51 49 

70 51 
49 45 

51 49 
45 47 

49 45 
47 58 

45 47 
58 62 

47 58 
62 63 

58 62 
63 63 

62 63 
63 61 

63 63 
61 63 

63 61 
63 59 

61 63 
59 60 

63 59 
60 64 

59 60 
64 72 

60 64 
72 57 

64 72 
57 75 

72 57 
75 60 

57 75 
60 63 

75 60 
63 46 

60 63 
46 44 

63 46 
44 45 

46 44 
45 49 

44 45 
49 52 

45 49 
52 61 

49 52 
61 73 

52 61 
73 59 

61 73 
59 70 

73 59 
70 63 

59 70 
63 54 

70 63 
54 58 

63 54 
58 57 

54 58 
57 38 

58 57 
38 42 

57 38 
42 44 

38 42 
44 40 

42 44 
40 53 

44 40 
53 61 

40 53 
61 69 

53 61 
69 70 

61 69 
70 68 

69 70 
68 69 

70 68 
69 69 

68 69 
69 68 

69 69 
68 64 

69 68 
64 60 

68 64 
60 60 

64 60 
60 54 

60 60 
54 56 

60 54 
56 71 

54 56 
71 81 

56 71 
81 67 

71 81 
67 68 

81 67 
68 56 

67 68 
56 51 

68 56 
51 36 

56 51 
36 36 

51 36 
36 52 

36 36 
52 44 

36 52 
44 39 

52 44 
39 47 

44 39 
47 51 

39 47 
51 45 

47 51 
45 64 

51 45 
64 63 

45 64 
63 60 

64 63 
60 70 

63 60 
70 72 

60 70 
72 53 

70 72 
53 61 

72 53 
61 57 

53 61 
57 56 

61 57 
56 60 

57 56 
60 74 

56 60 
74 65 

60 74 
65 65 

74 65 
65 67 

65 65 
67 55 

65 67 
55 45 

67 55 
45 56 

55 45 
56 74 

45 56 
74 63 

56 74 
63 75 

74 63 
75 78 

63 75 
78 80 

75 78 
80 65 

78 80 
65 61 

80 65 
61 60 

65 61 
60 68 

61 60 
68 53 

60 68 
53 48 

68 53 
48 52 

53 48 
52 39 

48 52 
39 32 

52 39 
32 30 

39 32 
30 36 

32 30 
36 46 

30 36 
46 59 

36 46 
59 71 

46 59 
71 73 

59 71 
73 83 

71 73 
83 84 

73 83 
84 73 

83 84 
73 53 

84 73 
53 68 

73 53 
68 50 

53 68 
50 48 

68 50 
48 49 

50 48 
49 67 

48 49 
67 52 

49 67 
52 60 

67 52 
60 56 

52 60 
56 52 

60 56 
52 34 

56 52 
34 32 

52 34 
32 31 

34 32 
31 20 

32 31 
20 16 

